Temperature
36.0
41.0
44.0
46.0
47.0
49.0
51.0
52.0
53.0
54.0
53.0
54.0
55.0
55.0
56.0
55.0
57.0
57.0
56.0
57.0
57.0
59.0
57.0
59.0
57.0
57.0
58.0
59.0
59.0
58.0
57.0
58.0
59.0
57.0
58.0
58.0
58.0
57.0
57.0
57.0
56.0
58.0
57.0
57.0
57.0
57.0
57.0
58.0
56.0
58.0
59.0
58.0
57.0
57.0
59.0
57.0
58.0
57.0
58.0
57.0
58.0
58.0
58.0
57.0
58.0
57.0
58.0
57.0
57.0
57.0
58.0
57.0
57.0
57.0
57.0
57.0
58.0
57.0
57.0
57.0
57.0
57.0
57.0
57.0
57.0
57.0
57.0
57.0
58.0
58.0
57.0
58.0
58.0
57.0
56.0
58.0
57.0
56.0
58.0
57.0
57.0
57.0
58.0
57.0
57.0
57.0
57.0
56.0
58.0
57.0
57.0
57.0
57.0
57.0
57.0
57.0
58.0
57.0
57.0
57.0
